N,Rec,Rec2,DP,DP2,DP3,DPMD,Greedy,Fraccionado
1,4480,2960,2980,2440,1559,1860,59500,4960
51,374320,43499,46260,45619,27320,28339,48700,184019
101,34712839,80340,76280,79780,49780,44860,95520,274440
151,63906920,100939,115419,119820,70400,64840,170620,320699
201,3310877820,128419,145760,155699,93640,84639,160739,199840
251,614447539,121259,141740,56580,48120,51100,206819,156200
301,33422095439,152900,69859,136399,61919,34880,223839,55960
351,0,96340,100539,101240,73199,73099,167980,60280
401,0,114120,140519,100619,54000,83439,212519,73320
451,0,127379,134039,105300,60099,77639,240700,67520
501,0,140579,140120,79860,59200,76280,248439,82020
551,0,171100,114519,71179,50120,113740,299640,95239
601,0,173640,168920,91799,40960,67179,318640,108020
651,0,196519,179140,89160,25700,47739,341640,484760
701,0,224658,170500,75439,31120,42099,396799,95400
751,0,201880,221859,76880,29080,54160,430100,108200
801,0,229020,221240,72960,33860,52039,748279,121520
851,0,221660,91079,81019,31659,50500,477860,101919
901,0,281260,100439,100239,48980,67980,646280,133239
951,0,248580,100580,95779,38120,60419,786359,115059
<<<<<<< HEAD
=======

>>>>>>> branch 'main' of https://github.com/ualeda2-2024/equipo-losjimenez.git
