P,Rec,Rec2,DP,DP2,DP3,DPMD,Greedy,Fraccionado
1,11380,15440,16840,9700,6700,5000,144260,34940
2,34280,12000,14380,14000,8760,6900,40440,36280
3,138300,13540,17340,17200,10840,8940,41800,36120
4,104400,18260,20040,20760,13100,10440,41160,36760
5,446120,19200,23720,25580,15580,13640,42100,39840
6,1439520,24820,26780,29100,18980,15420,36780,45020
7,2895020,19660,31260,32100,22760,17040,35180,47220
8,5722620,29240,30580,32660,20100,18860,38220,49840
9,2519700,22240,32440,34900,21640,19040,67940,55520
10,7658340,30640,36780,38380,23140,20980,37540,139000
11,10544660,30300,52780,49280,26600,23520,38340,143620
12,2888200,42920,45620,49340,30060,26740,43260,74460
13,9861020,39320,47580,50720,29460,27000,85540,52680
14,1678800,129140,52280,66140,34600,29260,53060,80120
15,508700,19360,43620,14820,21640,23900,48720,131900
16,1187100,26380,14640,13600,8700,8200,30540,65540
17,10080260,30700,17820,14500,9660,9000,34180,96240
18,28790700,41760,18520,28260,42920,10300,42060,66980
19,19896940,42220,34080,62480,27600,17740,45320,18440
20,3203980,41920,31140,77000,46820,22080,31780,16300
21,34678640,30560,70240,12380,3500,5520,55320,20200
22,15367500,31080,11520,13420,3300,6940,50100,20140
23,63463540,36400,34060,14960,3980,7520,62580,20840
24,22605660,36040,11500,13660,4200,7180,35480,19960
25,3007180,37560,14340,16420,4460,6720,53060,20680
26,71841740,39120,11820,19580,4440,8400,38100,33840
27,13975320,50520,12300,14420,5020,7320,76680,20620
28,33070860,40280,15040,42580,4280,7220,35660,20140
29,142133920,45680,12080,15960,4180,9140,41960,18600
30,17489860,37460,12340,16300,4220,7900,37920,23900
31,28270120,45840,15180,15920,4680,7940,38320,26980
32,166353960,44080,13740,15720,4240,8340,34060,22100
33,257423600,46160,14300,16580,4540,9260,101060,29060
34,782872580,47700,13960,16680,5800,9480,59420,29280
35,179661340,50760,17780,17340,4920,11740,33340,25240
36,41522560,49740,16740,18680,4380,9240,28860,27200
37,61927740,50380,14740,18060,4900,9800,39500,31560
38,46944020,45760,14420,19500,5100,9340,32100,28500
39,6117820,40740,15600,17360,4680,10380,26600,28400
40,13767540,44160,15760,18700,4980,9380,26980,28480
41,2694480,36760,15520,17260,4840,9160,22540,32440
42,61893060,55180,18620,22300,5180,11400,33660,32800
43,677672760,56300,18420,21980,5240,10800,32540,30560
44,10071760,42580,15040,18100,4780,10260,24860,26980
45,30338660,47780,16000,19020,5100,9760,26340,30400
46,3788560,45240,16820,19520,5160,9960,27920,41960
47,39277500,55740,16560,21160,5720,12140,44180,49640
48,132097000,517620,12040,17320,5620,11900,32720,26920
49,8145420,56840,18600,20380,5160,10640,24280,33940
50,26164800,49280,16500,17820,5520,11340,30700,31520
51,70517200,61060,20240,23920,6280,12140,34620,33540
52,3583260,48460,11640,14820,5440,10980,36140,32060
53,2450368800,55680,16920,16240,5980,12900,42520,30260
54,196680880,50300,11320,16120,5720,12520,29000,35180
55,330352720,54100,11780,17260,6040,12840,28380,34160
56,13065340,63420,12040,16200,5620,11920,24000,38800
57,24968280,53180,11960,16740,5860,12780,25940,35400
58,11154680,53660,14580,20140,6140,12940,27600,43000
59,1084732420,67260,18920,22660,6720,14600,29460,37380
60,43474940,50260,14540,21240,6300,13260,27820,42440
61,51789840,68600,28320,21420,6860,15720,50260,50840
62,155883120,68840,14380,21500,6420,15000,27280,39200
63,16961360,58780,21120,22500,7820,13980,28820,42540
64,22380620,58720,15940,22640,6500,14140,30660,42200
65,4779520,46960,15740,21500,6160,14100,20040,49220
66,38279720,59860,17180,19300,6560,14580,30520,68500
67,1107657620,67400,16300,20560,6880,15400,30980,44320
68,14429780,54320,15680,20900,6900,16440,28100,47460
69,117082940,60320,13620,19180,6780,15180,28120,45740
70,121123540,64000,13640,21620,6780,15420,29320,47320
71,18932300,60520,13720,18700,6760,15140,25820,56560
72,148051660,71160,16840,21240,11720,19240,34160,52400
73,2406460,54640,14800,23220,12660,17400,74740,67800
74,39069140,73300,24960,28020,7320,16420,23700,54780
75,64373700,82040,27080,32800,7560,16320,25020,59560
76,61172540,78960,26640,33060,7300,16420,24860,61520
77,41840260,71580,26000,30840,6960,16320,24360,60760
78,142943820,87220,31060,32620,7500,17320,25440,60700
79,37317160,73900,27420,32620,7060,15540,23360,65660
80,280782340,83800,29040,35180,7680,18440,25040,62020
81,43865980,73420,29060,33360,7380,16160,23460,66520
82,215464320,84900,28040,35940,8040,17840,31760,73500
83,475836540,85380,27780,34040,8860,18840,26900,63060
84,248516900,90220,30360,36360,10740,19500,26600,65800
85,26682700,86160,36120,41020,7880,18560,24700,70640
86,13236100,79780,31960,41980,8000,17680,23740,78120
87,356114100,94800,30240,37680,8420,20660,25860,72600
88,34765620,84660,23080,352320,9000,21460,28640,71540
89,115357400,73520,16360,36040,8600,19940,26060,73960
90,378133380,72560,15540,22660,8100,20780,25220,67840
91,48228420,72700,17340,26700,7980,19920,25380,70100
92,5055700,83380,37560,28620,8180,22120,21220,95460
93,172476980,79880,20860,27940,8480,20640,26560,76940
94,79867520,67200,17060,23200,8180,19660,23500,75260
95,23453540,72560,17840,26520,8680,21900,32060,80000
96,19714240,73560,22280,29340,8420,19740,22000,81840
97,103670480,81940,22100,34020,18460,25460,26480,81240
98,88177480,73720,17380,24360,8780,20760,24500,79920
99,80630680,76080,18780,25620,9660,20920,24740,82640
100,164865160,77400,17020,30560,8720,21140,24560,83340
101,40859340,71460,17680,24060,8400,20440,47520,85600
102,83977440,78420,19600,25640,12860,22160,55020,97340
103,36049920,76740,18160,25560,12900,46760,81240,89400
104,129899560,81820,17880,26080,8840,22140,44380,93240
105,76664040,88160,26680,36080,8980,22380,73940,121880
106,27871780,99640,37320,44260,9840,25540,54160,100380
107,143732080,99040,28540,38780,9660,23800,58400,98620
108,62234460,89520,22080,28920,9760,23520,36540,93360
109,49891500,83360,18660,26780,9200,22160,39000,100280
110,313811980,112440,19140,26980,10220,24500,64800,81620
111,129241700,88560,20400,27400,10360,23360,58380,102720
112,63927680,87800,19740,27220,9480,24300,28940,105160
113,445205200,97600,24240,30200,10260,25220,24380,99860
114,91318840,89160,19740,28360,10020,24440,25740,115520
115,12145420,79780,19160,29020,9700,23300,23060,111720
116,39637740,90320,19680,27980,9940,34880,25920,105100
117,53241820,95400,26800,33960,10100,23260,24280,122240
118,474676640,118500,41160,48960,10540,27120,25340,103960
119,23904420,101320,36580,47000,10600,23280,26120,115260
120,57699840,100780,40540,46400,9740,24220,23940,115080
121,83015460,105280,37940,45960,10000,25000,24320,109480
122,70020820,103500,40060,52420,9840,25440,25880,133180
123,19853320,102800,46320,54400,10240,24880,22080,119560
124,13193860,98620,39880,47240,9620,24380,21780,117780
125,428528720,125620,41380,49280,10640,26660,30040,127200
126,9562700,131020,47960,53040,11380,26880,28680,146300
127,3853140,131220,49920,66240,10480,24980,25700,163700
128,98814760,126340,53160,52980,10680,23900,26540,146340
129,4142440,115040,40820,52020,11420,21560,37600,174080
130,138804620,134500,40380,51560,10640,26500,35900,143220
131,25596340,154440,53640,83140,15060,31900,35360,184540
132,20057540,148880,49740,53500,11360,26980,26760,177060
133,42499720,133620,61580,57960,11480,25960,27960,170840
134,14064380,156180,73580,71920,11660,27260,35020,177200
135,11726380,115480,48220,59460,12620,28280,27040,181100
136,20753300,127780,53960,63880,12600,32100,28200,189300
137,14155240,117040,42640,54180,11320,26760,26140,165060
138,109840080,126600,45420,54260,11100,25900,25460,166820
139,14997440,108280,41720,77500,11000,26460,23520,180020
140,76146200,147240,51780,61520,14500,31780,26660,184680
141,277006400,125860,48020,62560,11600,27860,26680,187580
142,131433200,136460,55080,60960,11420,29400,25300,196400
143,77487400,134200,46040,56880,15780,34220,26420,170900
144,74475520,122240,43180,52860,11180,27640,24580,164340
145,47725880,142440,56360,89380,12360,32240,26320,189040
146,62031160,133500,44920,60480,13840,31120,25840,175420
147,191819680,129420,48720,60500,12000,29300,25960,167940
148,19605400,130320,47400,82100,22780,30720,26500,187620
149,57811580,131540,46060,69120,11580,28400,39020,176940
150,251371200,143240,48900,59800,12600,55600,36980,191740
151,34595960,130940,45240,69540,11980,32780,24660,165320
152,82890420,138940,54220,75200,12320,30800,28600,209580
153,38095700,147820,61980,63760,13340,33320,25840,195320
154,41637220,137320,56540,61800,16640,30940,24940,188500
155,14460726360,163140,54400,62840,13400,35760,26240,179180
156,565457120,150800,54820,103440,15840,33360,26580,178920
157,44433500,135920,49760,65300,12740,32060,36880,205640
158,58386460,193400,52200,63320,13740,31940,25820,196940
159,86537820,142320,51100,75200,13280,32000,24400,202300
160,79158240,140320,53520,89800,12700,31740,24740,183680
161,45125700,161980,82160,101740,12840,32000,29440,241840
162,2649020,129260,60100,70940,13420,32480,29100,256600
163,30303420,150880,57380,71960,14000,34540,28480,229700
164,584551560,176140,58560,81600,22920,37560,28740,208420
165,125152920,213700,78540,79180,13600,34500,26000,261780
166,362114640,153100,59420,69760,13340,34320,25040,217600
167,57092260,153060,61960,72620,14180,37220,33000,223820
168,97844400,222600,62560,70960,21200,46920,31160,214780
169,6479580,140600,63980,75700,14200,35720,28320,273780
170,22132020,143640,58460,78020,14020,56500,34760,272800
171,1600345880,153300,54560,68140,13840,36880,31660,201500
172,1662493900,159360,61000,92940,14560,38100,27460,226400
173,24602120,149200,55720,69760,14200,33540,24040,241980
174,14688400,180840,59400,67580,12960,31440,22620,236360
175,30923080,175400,59920,80860,13460,31360,24140,247020
176,142668460,151280,59380,73260,14540,35300,26840,231620
177,38554420,160500,58920,76320,14300,37620,69240,224300
178,5713880,132500,55000,70820,13100,32620,47260,239360
179,53886840,170580,58400,85600,15460,38260,73800,226720
180,201288880,156040,58420,68580,22600,35320,40700,238440
181,41364620,154240,63300,90160,14960,46660,64980,245520
182,20796380,148960,63320,78520,14300,34780,50200,244700
183,59094780,153720,60820,78540,14480,38960,32940,231080
184,301988400,164580,58160,89900,19900,43740,72680,249720
185,2566272340,204360,73400,75040,13560,42260,38160,210880
186,14935140,146000,83100,74380,13000,37200,22500,245940
187,401533680,163460,60640,76700,14560,40960,40500,242540
188,1232270320,161940,58260,76820,14760,37100,36420,243640
189,8545780,604780,57520,77360,12140,41920,23980,307980
190,362012280,173160,68000,76020,13840,38540,41420,247340
191,6472420,144120,63980,78620,14260,39880,22700,287900
192,38972820,165700,63180,76100,13580,37360,28220,260840
193,455921880,195580,85060,84080,14260,41640,31460,296920
194,90393080,158520,56560,73960,13300,36720,24280,260900
195,144609620,166460,58980,77660,14160,40620,24400,250360
196,26531380,141460,73180,75920,13980,39180,50040,293060
197,27835840,158140,87340,76840,13520,39840,41940,288600
198,127844420,161660,61660,76420,13740,38220,29120,284960
199,49318600,160960,64020,78100,13940,38140,28100,332960
200,58904440,161460,67600,82640,14280,41300,26960,292920
201,646392500,188880,69160,82540,14880,42780,40180,282500
202,209743540,176320,70340,85600,14320,42560,26500,291900
203,181865620,176540,67260,81560,14960,41180,25820,286940
204,1172413960,170420,66560,77120,14400,44760,26480,268160
205,293164700,169860,62160,91100,14400,40420,25340,304700
206,704796740,177480,111160,79060,14160,41220,27240,283240
207,66647280,181860,68440,88500,26680,47660,28740,325980
208,294484940,176860,104460,82240,14460,42820,25160,289460
209,60643360,171720,64340,78800,15160,39600,25200,308980
210,238474660,203760,68920,83700,18140,43180,25820,301260
211,71225500,171620,69300,80200,14740,43160,27000,312180
212,23988980,186620,68040,83580,15260,42000,25880,322080
213,96087100,167020,152660,83920,15520,41260,34880,324820
214,473841780,183580,73100,90040,15920,45680,28640,312440
215,54012680,175160,67580,87300,15160,41300,25960,848200
216,210857060,172940,69780,87760,14900,46220,25140,323720
217,23457340,159540,67400,82800,14900,39980,24000,335740
218,243265560,179320,67360,85640,14720,135180,27620,320020
219,57952880,180500,68360,85180,15460,43840,27160,317420
220,214655900,183380,66360,81280,15640,42800,32680,312420
221,1593657980,187800,70440,90920,15680,53600,28220,320060
222,24219680,163140,66740,85960,14780,44160,24640,372020
223,9343463280,194120,69920,86200,16340,48940,25820,312580
224,86915200,196480,75820,90440,15500,46100,26900,374600
225,123398760,189200,74700,90780,16320,46240,25860,350260
226,1434988220,216100,76640,93300,17260,51140,37040,317060
227,275023060,209460,69680,561300,17380,49400,28120,379560
228,47368720,181400,63540,73180,19280,52300,35020,409280
229,291173660,196380,45900,59440,17700,48680,28360,380000
230,122517920,156580,43340,61800,16900,46120,25520,356320
231,6825620,140560,51760,67320,15900,43500,23500,381440
232,264441280,175580,46880,68540,18540,50780,28420,369700
233,804273340,185760,48920,63980,16580,47540,27340,381820
234,269912180,168960,47460,63520,17000,50740,50460,344340
235,226943120,161680,46000,75160,16680,48460,36260,365640
236,245883460,184020,48800,65080,18440,56000,27120,402200
237,13238860,155700,48060,68000,16680,43900,41140,449980
238,12109160,151320,46620,63420,16140,51020,31020,371960
239,16380640,151040,49420,68480,17580,51640,29180,423320
240,62052800,148800,45560,66440,16640,56100,27540,395860
241,259795160,173100,45920,67160,19240,49140,39440,358540
242,133767620,191600,73020,94500,17160,47680,28360,428020
243,2525743060,193400,47180,68160,16780,50300,26620,383360
244,815990260,185820,47840,66240,17160,51840,40760,422480
245,16991160,188920,65040,77040,23680,59940,26620,478720
246,27961160,183580,83080,79320,20960,52180,30900,450920
247,158459840,219300,61260,72720,20940,53480,42380,454480
248,7516680,166540,53820,73180,18400,47040,28620,487000
249,65412380,181000,63100,66960,17340,50360,28440,409680
250,103238840,187980,52340,90420,26700,50180,29200,467580
251,56385660,189280,55460,78740,19700,55960,27140,526880
252,361015520,185580,48000,69480,18840,51960,28680,394320
253,37395500,164520,49020,77020,17520,58100,29640,445260
254,512017800,197940,50900,71720,18400,53680,26400,437680
255,80150260,193780,54260,74680,18640,53840,29500,460840
256,80479800,171740,47780,68420,17160,49020,29400,484420
257,281840720,175540,48300,71800,17460,50980,38080,409060
258,138016400,182940,48940,70900,19040,49280,26960,455260
259,3124091580,202080,59980,73760,19100,86360,27380,451440
260,6707920,162800,59600,84880,17760,51660,28700,540100
261,3034060,197420,55940,77180,24980,58980,29580,498860
262,74180460,184160,51500,76720,18980,55340,30040,494260
263,93577300,220760,54340,77440,18660,54660,26460,512060
264,3503378580,209580,57660,111960,20260,68760,37660,427060
265,7576000,166540,51780,69900,17580,50580,26600,511120
266,203902120,190580,51760,75040,18120,57920,27360,478920
267,109186940,185780,54640,70620,17320,55080,27580,502860
268,71822500,166440,43340,64320,17380,52920,25120,498980
269,21201740,154540,36160,60040,18140,53420,52980,500080
270,647872120,212880,49460,63580,27640,60480,37080,565060
271,64053760,163560,39800,62760,18040,51820,35320,532140
272,2178800,142940,38840,59400,17120,45800,40980,627300
273,54334120,164840,35960,54840,17300,49760,32220,504980
274,836709180,193960,44960,66900,20200,58640,33000,483560
275,135268900,176180,37720,59600,19260,57760,32520,462300
276,109187600,188640,38700,67160,27760,58480,65600,494500
277,72274740,162880,36420,61020,20920,53620,34040,512420
278,1184290800,187360,41800,77620,20680,61220,32540,516060
279,272936940,176640,41000,70980,20140,56780,30960,534420
280,278326240,178460,40300,60920,19880,59260,34260,467160
281,95290000,216500,40540,70040,19940,57900,42940,514760
282,714921140,178700,38820,62020,21460,60760,34400,512120
283,26419000,168100,40660,61320,19020,61840,54960,617920
284,270237680,184300,37980,67020,20580,60460,117920,562280
285,156353620,181980,40720,61900,20300,63620,39440,507160
286,47441720,169480,38880,61180,19300,54980,46720,590640
287,22553520,180800,43080,81840,20420,59460,57640,604860
288,13925660,159120,40580,62180,19060,57480,46580,574920
289,36260440,162740,39720,65080,20340,62280,43840,593160
290,90917600,174920,38140,66100,27080,54040,32020,636980
291,384737900,208740,39280,61340,20400,61360,31700,531600
292,1888032940,213360,54020,72400,21520,67780,33160,575740
293,481842380,195220,44320,64140,20340,61240,26620,588540
294,33407340,175720,39840,87960,21720,54380,29120,637340
295,17848180,185260,48860,79000,20040,57980,25780,625320
296,182916420,213140,58700,83400,20500,61320,34300,540180
297,82741140,194980,62300,89560,22500,58680,25840,610400
298,68259100,220720,72480,85260,22220,61080,26680,641680
299,8869900,181260,59820,95060,22620,58540,45660,680040
300,14422480,219900,59460,82860,21760,63060,28620,623720
301,538357800,212880,57040,86900,20840,61140,29080,599820
302,9547420,196740,58120,106320,18860,53840,25240,662560
303,46199380,192840,59100,84100,20260,58340,46240,646000
304,117123420,228320,90400,88600,20920,148660,24900,1158680
305,81881060,200680,55400,78080,19720,60160,24280,584500
306,32825420,203980,60340,93400,23600,63640,30420,623320
307,49181140,196120,63660,98820,20220,95400,26560,683100
308,9202380,182240,62440,86860,21020,63740,27100,727660
309,10166520,175720,54840,91620,19500,53940,45080,698280
310,151494020,211280,62880,84860,23440,62800,38920,632960
311,59151480,221200,440320,82780,20600,60260,32020,629100
312,193570720,216980,63960,88200,22580,68480,44160,620640
313,106588660,214600,46060,72060,21160,63360,35080,665040
314,88283900,207260,47460,74480,24040,72120,36120,771320
315,37710020,179720,41320,70280,20640,56800,42100,748880
316,493595880,275700,45040,75460,23160,76660,37980,661200
317,114776840,200620,58920,129700,25120,69280,28980,833460
318,15366820,179060,45140,74200,23100,69500,26000,748400
319,1311827580,218500,44100,76520,22900,72200,27460,559480
320,16230740,190100,43300,69900,22080,66020,29900,694180
321,26258560,185600,48820,71160,21600,73100,47340,858220
322,104615840,186040,39900,67600,20940,60440,25240,733300
323,18149240,164180,42520,67220,21500,61240,27460,707140
324,72410660,198700,42440,65220,21460,58940,29460,732340
325,46107040,197820,41080,75620,31820,68140,36860,666440
326,10192980,227420,46420,80280,23000,65000,23340,701520
327,57137100,219640,66840,79120,34480,79180,28600,743500
328,41030200,182280,42160,66220,22220,63740,35300,733260
329,12553420,180220,40940,67920,21000,60460,24420,718780
330,206489620,197920,44380,66160,21520,78460,27260,657600
331,234371720,207940,47900,70960,29460,67000,27520,698060
332,1033786160,207060,80360,71740,22300,66600,29440,718780
333,36204720,175180,42180,70360,23040,67740,26420,662560
334,122932120,194420,46220,95420,23180,66780,25900,770020
335,123793060,168520,44540,84640,22000,66900,27540,726560
336,4997060,159560,43600,71840,21580,67900,22000,692400
337,52091300,199460,42020,67420,24360,85000,26740,754080
338,165153080,185360,44580,64240,20980,61240,24720,769080
339,3602520,158100,42080,72160,22960,62860,25180,834100
340,199392220,219900,43080,70640,22360,68420,41760,720620
341,21146480,177160,42580,69440,21520,65420,26360,767600
342,16558040,195120,46300,65720,19920,55980,23820,837080
343,195168840,214320,44080,85380,25740,90480,26220,697700
344,121653060,227980,50220,73180,22920,71260,26180,811720
345,7906180,161400,50120,74800,21920,61900,26160,839300
346,56898800,230860,46840,75340,26680,69340,33460,790720
347,220213480,205620,52460,72760,24000,73220,27420,733700
348,16447520,179200,44980,71780,23860,68080,26540,805560
349,74997500,200980,45640,72700,22020,65100,27260,771060
350,262793600,204780,46980,71860,24500,67800,26360,796000
351,76449080,180220,76520,76260,23640,70860,27040,823020
352,54066060,201420,47540,87620,25360,69540,43920,802960
353,16875600,198380,47720,76840,30920,70660,27420,911960
354,5548245860,264520,69060,94080,25700,78420,28340,737900
355,60565900,251500,85300,99720,24300,69880,45520,798980
356,275268400,252140,68100,95040,23740,74720,26440,788660
357,16577120,205700,66900,92180,22940,71220,26600,936300
358,15068180,219060,70960,117800,24200,69420,28540,894400
359,39610280,226400,71020,97680,29240,75360,46940,963720
360,3741840,225600,68740,100420,23200,68480,24200,909880
361,35849020,239720,73700,127380,24580,77900,29080,815240
362,72528560,255460,78220,108960,25580,76160,27120,993480
363,73916800,273000,101880,104660,27000,86700,25820,804600
364,46051300,218080,62580,83100,22740,66380,23600,947840
365,164327680,218100,48620,83260,24040,71620,24980,919340
366,428771340,246240,57300,81080,40440,125380,28320,913300
367,39513340,251940,48520,82080,23700,70120,25160,992320
368,8087360,183700,49540,81460,24040,73200,26420,922860
369,66283260,229440,58900,77320,23920,86120,25760,1005060
370,214245160,228940,51740,77960,26380,79160,26180,820320
371,257720900,235600,54220,84380,24920,78080,30060,1221080
372,32714360,194240,50000,79480,23640,66680,24280,952880
373,36985200,203460,49920,76820,24860,70180,26200,939960
374,131682740,216500,49860,76140,24180,71420,23520,944440
375,46760940,203840,51680,77800,23780,67040,24920,1002200
376,21233360,212480,53940,77980,25020,74200,25080,961580
377,13938600,216500,408800,91940,25380,74020,23520,1042980
378,39076820,246680,52180,79720,25260,73100,25640,994000
379,29539540,211400,53060,78780,24560,72180,25000,1000900
380,193863640,245900,51740,81000,28420,78280,27420,908080
381,56645540,220240,56740,86060,25040,77860,25700,844600
382,5253240,171640,58080,79420,23540,66340,23720,1107440
383,5354700,170260,57240,80380,24260,72120,26060,1123780
384,22572960,223960,48700,78180,26580,73880,23300,1018440
385,507120800,239740,48700,79120,28740,79520,25460,884620
386,9042100,176940,47380,75060,23860,113080,22660,968660
387,63432660,249340,51100,77800,25520,76900,24440,890160
388,34273780,225420,52080,88420,25820,76680,41760,1013700
389,202487380,237260,52440,82940,26300,77980,26120,925940
390,67211900,244720,53280,100880,27240,76180,28380,1140400
391,30621960,201760,56420,82480,25560,73000,46060,1104100
392,294929780,219320,47620,78740,24460,70240,26560,1018280
393,174977460,221520,47140,75180,25380,71480,23740,959620
394,20216580,216780,53700,92580,28080,86640,29860,1005180
395,89954760,216400,48440,80460,25180,74420,24560,946000
396,231503360,230360,54700,83380,26940,83060,25040,901920
397,39181120,279520,76160,116700,26940,78580,25740,1130560
398,1257577920,283820,54900,97100,29460,91820,26560,931740
399,193849820,249940,53120,92880,30340,81580,26180,1060580
400,17206820,224080,51480,81560,25920,74760,23540,996380
