0
10
1
2
3
4
5
6
7
8
9
10
45
2 1 44.952
3 2 45.974
4 3 75.61
5 3 56.509
6 3 42.245
7 6 39.22
8 7 54.51
9 4 82.01
10 5 55.562
2 6 46.117
1 8 48.061
5 10 15.562
1 10 19.263
4 6 58.279
2 7 99.547
2 5 19.102
5 6 36.175
1 4 46.771
1 5 21.488
1 9 41.054
4 8 63.311
2 10 83.412
6 10 83.037
3 9 15.955
4 7 33.204
8 10 53.345
5 9 27.288
1 3 34.562
7 9 7.648
8 9 43.689
2 4 57.111
2 9 88.057
1 6 1.372
6 9 18.982
2 8 95.486
6 8 4.909
4 5 32.043
9 10 23.098
5 8 21.65
4 10 67.006
5 7 49.913
3 8 79.48
7 10 7.962
1 7 12.898
3 7 75.584
