0
13
1
2
3
4
5
6
7
8
9
10
11
12
13
78
2 1 10.981
3 2 30.869
4 2 54.692
5 1 23.913
6 3 17.763
7 2 30.233
8 6 83.956
9 6 95.004
10 1 79.617
11 8 55.126
12 1 18.033
13 1 74.877
3 11 45.26
10 13 85.72
8 13 70.283
2 8 55.6
1 4 99.912
8 12 51.556
9 12 45.544
1 11 38.381
2 11 47.038
12 13 32.503
5 11 16.696
2 12 50.349
2 6 44.139
4 8 14.579
2 10 97.081
3 8 8.926
5 12 82.078
6 13 66.393
2 9 97.913
5 9 88.69
7 8 78.774
3 4 93.514
4 6 17.728
3 9 76.161
9 13 17.552
2 13 22.643
8 9 96.961
7 13 81.674
4 13 98.066
6 12 65.277
7 12 84.887
10 11 14.286
11 13 83.396
1 9 11.379
7 11 8.468
11 12 15.621
4 11 20.803
6 7 7.626
7 10 3.028
4 7 91.627
10 12 85.578
6 11 81.882
3 10 63.25
3 13 77.393
1 6 47.525
5 7 85.839
4 5 99.615
6 10 19.519
3 7 87.835
4 9 41.13
5 13 40.21
5 10 62.93
3 5 100.47
2 5 90.713
7 9 100.732
5 6 84.648
4 12 96.631
9 10 76.984
4 10 56.56
1 3 25.676
8 10 93.495
1 8 90.786
8 11 89.91
1 7 33.985
9 11 9.116
3 12 61.411
