0
12
1
2
3
4
5
6
7
8
9
10
11
12
66
2 1 22.437
3 2 56.138
4 1 56.119
5 3 53.353
6 4 48.108
7 1 11.124
8 7 15.698
9 4 73.01
10 5 100.448
11 2 66.715
12 3 75.783
4 10 51.989
1 11 16.883
1 8 55.09
2 10 5.149
1 10 33.878
7 11 20.774
3 4 31.164
3 9 10.233
4 8 58.933
1 3 80.438
1 12 39.734
5 11 99.427
6 10 55.577
8 10 82.514
10 11 99.54
5 7 22.369
5 6 35.626
9 12 17.594
5 8 81.978
1 6 54.495
6 7 88.98
4 7 65.214
1 9 74.012
5 12 87.808
2 7 49.433
3 10 82.567
6 12 79.795
7 9 57.678
9 11 82.223
4 12 46.738
6 8 33.545
7 12 82.451
2 8 26.092
4 5 73.765
6 11 67.438
2 12 17.771
3 8 7.889
2 11 39.506
11 12 2.588
9 10 30.69
8 12 36.098
3 12 57.09
2 6 8.618
2 9 80.051
5 9 71.202
2 4 23.606
5 10 7.903
3 11 49.041
8 9 65.426
10 12 34.752
4 11 84.262
8 11 13.462
2 5 62.119
6 9 80.313
3 6 92.667
