0
11
1
2
3
4
5
6
7
8
9
10
11
55
2 1 18.022
3 1 92.254
4 3 5.409
5 3 9.846
6 5 23.706
7 4 73.477
8 5 15.654
9 6 7.424
10 3 64.366
11 10 41.116
2 11 30.809
8 9 93.283
8 10 62.41
6 10 87.503
3 8 86.799
3 7 31.248
1 9 35.697
4 8 24.519
4 6 51.57
5 9 13.843
2 9 64.086
2 8 82.786
3 10 11.239
9 11 20.808
2 5 49.454
4 10 51.381
6 7 2.908
7 9 30.434
2 6 50.981
3 11 63.755
1 5 27.118
6 8 92.618
1 4 86.916
7 11 80.228
2 10 8.986
7 10 6.205
9 10 81.672
4 9 65.15
2 3 41.176
1 8 30.033
1 10 2.807
1 7 7.693
5 7 34.205
3 6 96.997
3 9 76.296
5 10 89.283
2 4 19.932
4 11 93.559
4 5 90.47
1 11 57.754
7 8 2.663
6 11 13.289
5 11 99.11
2 7 28.605
8 11 28.928
